##FastQC	0.11.5
>>Basic Statistics	pass
#Measure	Value
Filename	SRR8293759_paired1
File type	Conventional base calls
Encoding	Sanger / Illumina 1.9
Total Sequences	110324688
Sequences flagged as poor quality	0
Sequence length	36-150
%GC	41
>>END_MODULE
>>Per base sequence quality	pass
#Base	Mean	Median	Lower Quartile	Upper Quartile	10th Percentile	90th Percentile
1	31.510198841441547	32.0	32.0	32.0	32.0	32.0
2	31.41962645749789	32.0	32.0	32.0	32.0	32.0
3	35.17615541319274	37.0	32.0	37.0	32.0	37.0
4	35.88205806664053	37.0	37.0	37.0	32.0	37.0
5	36.196732937962175	37.0	37.0	37.0	37.0	37.0
6	39.5484062279877	41.0	41.0	41.0	37.0	41.0
7	39.736574972231054	41.0	41.0	41.0	37.0	41.0
8	39.823774774690506	41.0	41.0	41.0	37.0	41.0
9	39.83832837125268	41.0	41.0	41.0	37.0	41.0
10-14	39.85833777295613	41.0	41.0	41.0	37.0	41.0
15-19	39.82390506647071	41.0	41.0	41.0	37.0	41.0
20-24	39.76285115440344	41.0	41.0	41.0	37.0	41.0
25-29	39.659857024929906	41.0	41.0	41.0	37.0	41.0
30-34	39.558225540597036	41.0	41.0	41.0	37.0	41.0
35-39	39.52842619737848	41.0	41.0	41.0	37.0	41.0
40-44	39.491632417473625	41.0	41.0	41.0	37.0	41.0
45-49	39.47076873192571	41.0	41.0	41.0	37.0	41.0
50-54	39.4487679956149	41.0	41.0	41.0	37.0	41.0
55-59	39.39627464945804	41.0	41.0	41.0	37.0	41.0
60-64	39.366962496169506	41.0	41.0	41.0	37.0	41.0
65-69	39.32884062442092	41.0	41.0	41.0	37.0	41.0
70-74	39.325912852296725	41.0	41.0	41.0	37.0	41.0
75-79	38.99153390789319	41.0	40.2	41.0	35.0	41.0
80-84	39.3531858512813	41.0	41.0	41.0	37.0	41.0
85-89	39.288897119253235	41.0	41.0	41.0	37.0	41.0
90-94	39.27637761323941	41.0	41.0	41.0	37.0	41.0
95-99	39.200144621766256	41.0	41.0	41.0	37.0	41.0
100-104	39.182290572171745	41.0	41.0	41.0	37.0	41.0
105-109	39.128586858771236	41.0	41.0	41.0	37.0	41.0
110-114	39.05485750044509	41.0	41.0	41.0	36.0	41.0
115-119	38.97660284696127	41.0	41.0	41.0	32.0	41.0
120-124	38.860082290203714	41.0	41.0	41.0	32.0	41.0
125-129	38.74727792414181	41.0	38.6	41.0	32.0	41.0
130-134	38.62428472176576	41.0	37.0	41.0	32.0	41.0
135-139	38.544783866324764	41.0	37.0	41.0	32.0	41.0
140-144	38.40164280403057	41.0	37.0	41.0	32.0	41.0
145-149	38.275398308545675	41.0	37.0	41.0	32.0	41.0
150	38.8947295574581	41.0	37.0	41.0	32.0	41.0
>>END_MODULE
>>Per sequence quality scores	pass
#Quality	Count
20	5.0
21	14.0
22	93.0
23	499.0
24	2386.0
25	11271.0
26	40937.0
27	119758.0
28	280915.0
29	547622.0
30	915918.0
31	1365920.0
32	1869227.0
33	2414444.0
34	3015009.0
35	3728858.0
36	4672998.0
37	6134296.0
38	8979356.0
39	1.7202728E7
40	5.9022434E7
>>END_MODULE
>>Per base sequence content	fail
#Base	G	A	T	C
1	26.61774307487731	42.13358119807237	12.60459399622322	18.644081730827104
2	20.7607049743416	30.85372738918514	33.65907056770627	14.726497068766989
3	20.370212150520654	30.79943539020024	30.94958673257249	17.88076572670661
4	22.02138654586542	27.048075585765535	29.916146239180847	21.0143916291882
5	20.457419285880963	29.357294896678066	28.812191157069034	21.37309466037194
6	19.50908213762635	29.713023978821496	29.790556942250312	20.987336941301844
7	20.467535788544446	30.97423579389592	29.60391965939663	18.954308758162995
8	19.078422831486836	28.059933936455174	31.80628854549762	21.05535468656037
9	20.171999036154084	28.895216091614962	30.47538915315129	20.457395719079667
10-14	20.34235619139027	29.317738020704848	29.72395335484656	20.615952433058318
15-19	20.484863172973924	29.894194124442393	29.18806071412503	20.432881988458654
20-24	20.511567497878026	29.487938868201226	29.301308083118947	20.699185550801804
25-29	20.70385569050927	29.35047233886222	29.23777016019678	20.70790181043173
30-34	20.744850774613983	29.3225768714785	29.210854463566307	20.721717890341214
35-39	20.7849085057937	29.359743956431174	29.151282778461884	20.704064759313237
40-44	20.809330479823444	29.28486349063741	29.160948797788127	20.74485723175102
45-49	20.81180337581404	29.30019215676527	29.129834104713865	20.758170362706828
50-54	20.84304634984031	29.262618530776297	29.13875362554702	20.755581493836374
55-59	20.85069086744286	29.276386112542973	29.103295678368735	20.769627341645432
60-64	20.837571461006192	29.240336418665926	29.118607114700605	20.80348500562728
65-69	20.848057857191613	29.278317499472966	29.087379224442557	20.78624541889286
70-74	20.863192730757035	29.25767385741044	29.07934910563046	20.799784306202067
75-79	20.870336296470846	29.246002512820617	29.075386149590543	20.808275041117994
80-84	20.889604583931902	29.21997337017016	29.058581559824354	20.831840486073588
85-89	20.888149995241694	29.274768271465028	29.0222736910438	20.81480804224948
90-94	20.876879425930277	29.242678426557827	29.003408543086547	20.877033604425353
95-99	20.903210257227204	29.24983774032755	28.976184333672634	20.870767668772615
100-104	20.912269688287584	29.23193833039921	28.936785637663732	20.919006343649478
105-109	20.91129309341679	29.246797465458613	28.918370235152103	20.923539205972492
110-114	20.913965306516285	29.21285171038856	28.893231815380773	20.979951167714383
115-119	20.927162057345384	29.22139639469919	28.836343235653207	21.01509831230222
120-124	20.93651335586239	29.20104743946663	28.786517175984738	21.07592202868624
125-129	20.922643011073305	29.18836819122641	28.772609512452473	21.11637928524781
130-134	20.954546936962547	29.194190179923417	28.695756076332962	21.155506806781073
135-139	20.929546002332742	29.198226547476786	28.65419190850857	21.2180355416819
140-144	20.923538934540336	29.185294183022346	28.601549721876225	21.289617160561093
145-149	20.911410363909763	29.161352316115924	28.56084875027723	21.366388569697087
150	21.070373665604414	29.048317087962438	28.33120270112036	21.550106545312786
>>END_MODULE
>>Per sequence GC content	pass
#GC Content	Count
0	382.0
1	491.5
2	664.0
3	832.5
4	1140.5
5	1472.0
6	1866.0
7	2544.5
8	3344.0
9	4398.0
10	5888.5
11	7940.0
12	10933.5
13	15410.5
14	22449.0
15	33301.0
16	49676.5
17	74299.0
18	110762.5
19	163540.5
20	238336.5
21	339485.0
22	467088.0
23	620400.5
24	798983.5
25	1017851.5
26	1247805.5
27	1469616.0
28	1716904.5
29	1987787.0
30	2277268.5
31	2574830.0
32	2875983.0
33	3178080.5
34	3474395.0
35	3754821.0
36	3983849.5
37	4146483.0
38	4256569.5
39	4333340.5
40	4383162.0
41	4405245.0
42	4398649.5
43	4367277.5
44	4327588.5
45	4275181.5
46	4193745.5
47	4075358.5
48	3915093.5
49	3728207.0
50	3509977.0
51	3234242.0
52	2917947.0
53	2585826.5
54	2251691.5
55	1930429.0
56	1627291.5
57	1344145.5
58	1083579.5
59	851358.5
60	654313.0
61	496450.5
62	372222.5
63	276329.5
64	205722.0
65	154586.0
66	118142.5
67	93338.5
68	75689.5
69	63174.0
70	54582.0
71	47932.0
72	43029.0
73	40121.5
74	38711.0
75	36952.0
76	31865.5
77	26026.0
78	22075.0
79	18625.5
80	16045.0
81	13954.5
82	11575.0
83	8606.0
84	5677.5
85	3473.0
86	2086.5
87	1271.0
88	772.5
89	504.0
90	349.5
91	242.5
92	181.5
93	139.5
94	115.0
95	103.5
96	84.5
97	68.0
98	55.0
99	43.5
100	53.5
>>END_MODULE
>>Per base N content	pass
#Base	N-Count
1	0.0
2	0.13864711767868312
3	0.0
4	0.0
5	0.0
6	0.0
7	0.0
8	0.0016460504288940297
9	0.0
10-14	0.0
15-19	1.3886284455207342E-4
20-24	1.52277792981386E-5
25-29	0.0015497891097593678
30-34	3.2286517773791486E-4
35-39	5.958811516094883E-4
40-44	0.0017456305002022672
45-49	7.089390867663421E-4
50-54	8.649175014556015E-4
55-59	2.4035569228605106E-4
60-64	8.310582095051426E-4
65-69	8.364433738392075E-4
70-74	8.323588729758235E-4
75-79	8.286440658140324E-4
80-84	9.849086054923811E-4
85-89	0.0019214519401011152
90-94	0.0012407983607591285
95-99	2.5354585544469108E-5
100-104	9.152789020841123E-4
105-109	0.001096060807296428
110-114	3.126822715530599E-4
115-119	1.3986668887031655E-4
120-124	9.615398395368209E-4
125-129	6.774996252668439E-4
130-134	5.792362845371005E-4
135-139	6.629739045497256E-4
140-144	0.0011289353556033323
145-149	0.0010991336893900244
150	0.0
>>END_MODULE
>>Sequence Length Distribution	warn
#Length	Count
35-39	115226.0
40-44	151779.0
45-49	156835.0
50-54	162727.0
55-59	169260.0
60-64	176618.0
65-69	182367.0
70-74	184444.0
75-79	189454.0
80-84	193537.0
85-89	227984.0
90-94	246420.0
95-99	251117.0
100-104	258892.0
105-109	276472.0
110-114	296145.0
115-119	323489.0
120-124	361541.0
125-129	398828.0
130-134	444360.0
135-139	560920.0
140-144	681173.0
145-149	4573969.0
150-151	9.9741131E7
>>END_MODULE
>>Sequence Duplication Levels	pass
#Total Deduplicated Percentage	92.88497738957085
#Duplication Level	Percentage of deduplicated	Percentage of total
1	96.4209091376311	89.56053965130731
2	3.054247143103325	5.6738735365862745
3	0.2834893196213712	0.7899569712964768
4	0.05351504523870359	0.19882975067995376
5	0.029917749088224827	0.13894547238033086
6	0.020815753443454935	0.1160082472765316
7	0.01631152128238026	0.10605666998523759
8	0.01400977655027068	0.10410382224838657
9	0.009823367290988306	0.0821198923841609
>10	0.08085073596569126	1.4890433945646517
>50	0.010933019128772304	0.7073326940785102
>100	0.004928250061102215	0.7877139961320336
>500	1.8062341626405522E-4	0.11189967842979166
>1k	6.457074901917218E-5	0.09870701013837659
>5k	1.9952186562652144E-6	0.013717521636007004
>10k+	1.992210663514127E-6	0.02115169087603794
>>END_MODULE
>>Overrepresented sequences	pass
>>END_MODULE
>>Adapter Content	warn
#Position	Illumina Universal Adapter	Illumina Small RNA 3' Adapter	Illumina Small RNA 5' Adapter	Nextera Transposase Sequence	SOLID Small RNA Adapter
1	1.7221893253847225E-5	1.8128308688260238E-6	0.0	9.06415434413012E-6	0.0
2	2.1753970425912286E-5	5.4384926064780715E-6	0.0	1.7221893253847225E-5	0.0
3	3.444378650769445E-5	5.4384926064780715E-6	0.0	3.172454020445542E-5	0.0
4	4.894643345830264E-5	8.157738909717108E-6	0.0	5.34785106303677E-5	0.0
5	6.435549584332384E-5	8.157738909717108E-6	0.0	6.435549584332384E-5	0.0
6	7.341965018745396E-5	9.06415434413012E-6	0.0	7.885814279393203E-5	0.0
7	8.701588170364914E-5	9.06415434413012E-6	0.0	8.701588170364914E-5	0.0
8	1.0061211321984433E-4	1.1783400647369155E-5	0.0	1.0423777495749637E-4	3.6256617376520475E-6
9	1.1511476017045251E-4	1.3596231516195178E-5	0.0	1.142083447360395E-4	3.6256617376520475E-6
10-11	1.5137137754697299E-4	1.6315477819434215E-5	0.0	1.3188344570709323E-4	4.078869454858554E-6
12-13	2.1210121165264479E-4	1.9941139557086262E-5	9.064154344130119E-7	1.5680987015345105E-4	5.4384926064780715E-6
14-15	3.294820104091298E-4	2.583283988077084E-5	9.064154344130119E-7	1.740317634072983E-4	5.4384926064780715E-6
16-17	4.8447904969375487E-4	2.673925531518385E-5	9.064154344130119E-7	1.930664875299715E-4	6.798115758097589E-6
18-19	6.943142227603671E-4	3.172454020445542E-5	9.064154344130119E-7	2.1391404252147083E-4	7.704531192510601E-6
20-21	9.462977135271844E-4	3.3084163356074934E-5	9.064154344130119E-7	2.3974688240224165E-4	9.517362061336624E-6
22-23	0.0012893759554525094	3.489699422490096E-5	9.064154344130119E-7	2.601412296765344E-4	1.0876985212956143E-5
24-25	0.0017720421742774381	3.9882279114172525E-5	9.064154344130119E-7	2.7872274608200116E-4	1.2236608364575662E-5
26-27	0.002563342848519998	4.260152541741156E-5	9.064154344130119E-7	2.968510547702614E-4	1.450264695060819E-5
28-29	0.0038790048515704844	4.57739794378571E-5	9.064154344130119E-7	3.1588577889293465E-4	1.5409062385021202E-5
30-31	0.005942459588011706	4.939964117550915E-5	9.064154344130119E-7	3.358269184500209E-4	1.5409062385021202E-5
32-33	0.008946773545373633	5.3025302913161197E-5	9.064154344130119E-7	3.6030013517917225E-4	1.5409062385021202E-5
34-35	0.013102688312157294	5.529134149919373E-5	9.064154344130119E-7	3.7888165158463897E-4	1.5409062385021202E-5
36-37	0.018530757141139616	5.755738008522625E-5	9.064154344130119E-7	3.997292065761383E-4	1.5409062385021202E-5
38-39	0.025442628036256038	5.982341867125878E-5	9.064154344130119E-7	4.2374921558808304E-4	1.722189325384723E-5
40-41	0.03385235043673997	6.254266497449781E-5	9.064154344130119E-7	4.432371474279628E-4	1.812830868826024E-5
42-43	0.04356685785506142	6.707474214656287E-5	9.064154344130119E-7	4.6272507926784255E-4	1.8581516405466746E-5
44-45	0.055086944818733594	6.934078073259542E-5	9.064154344130119E-7	4.8311942654213533E-4	1.9941139557086262E-5
46-47	0.06850869136380426	7.160681931862794E-5	1.8128308688260238E-6	5.084990587056997E-4	1.9941139557086262E-5
48-49	0.08350669434931916	7.160681931862794E-5	1.8128308688260238E-6	5.31159444566025E-4	1.9941139557086262E-5
50-51	0.100506062614018	7.568568877348649E-5	1.8128308688260238E-6	5.492877532542852E-4	1.9941139557086262E-5
52-53	0.11932641948645258	7.749851964231252E-5	1.8128308688260238E-6	5.733077622662301E-4	1.9941139557086262E-5
54-55	0.1401979944869638	7.931135051113855E-5	1.8128308688260238E-6	6.032194716018595E-4	2.1753970425912283E-5
56-57	0.16334557864328608	8.33902199659971E-5	1.8128308688260238E-6	6.267862728965977E-4	2.2660385860325296E-5
58-59	0.18900755921467005	8.610946626923612E-5	1.8128308688260238E-6	6.4854024332251E-4	2.3113593577531803E-5
60-61	0.21719254714774267	8.701588170364914E-5	1.8128308688260238E-6	6.671217597279768E-4	2.356680129473831E-5
62-63	0.2477818020205958	8.792229713806215E-5	1.8128308688260238E-6	6.88875730153889E-4	2.4926424446357826E-5
64-65	0.2813939523672163	9.018833572409468E-5	1.8128308688260238E-6	7.074572465593557E-4	2.5379632163564333E-5
66-67	0.3178644837862582	9.20011665929207E-5	1.8128308688260238E-6	7.30117632419681E-4	2.5379632163564333E-5
68-69	0.3573642555871085	9.426720517895324E-5	1.8128308688260238E-6	7.482459411079413E-4	2.583283988077084E-5
70-71	0.4001846803319308	9.653324376498577E-5	1.8128308688260238E-6	7.718127424026797E-4	2.6286047597977343E-5
72-73	0.4465052282767389	9.87992823510183E-5	2.7192463032390358E-6	7.940199205457984E-4	2.673925531518385E-5
74-75	0.4967709493998297	1.0015890550263781E-4	2.7192463032390358E-6	8.139610601028847E-4	2.8552086184009873E-5
76-77	0.5511595011263482	1.0287815180587686E-4	2.7192463032390358E-6	8.361682382460034E-4	2.900529390121638E-5
78-79	0.6093667810780485	1.0378456724028986E-4	2.7192463032390358E-6	8.488580543277856E-4	2.9911709335629394E-5
80-81	0.6718768150969074	1.0695702126073541E-4	3.6256617376520475E-6	8.719716479053174E-4	2.9911709335629394E-5
82-83	0.7389293500653271	1.1239551386721348E-4	3.6256617376520475E-6	9.009769418065337E-4	3.263095563886843E-5
84-85	0.8099370287818081	1.1602117560486552E-4	3.6256617376520475E-6	9.209180813636201E-4	3.489699422490096E-5
86-87	0.8857623055321941	1.2010004505972408E-4	3.6256617376520475E-6	9.444848826583584E-4	3.5350201942107464E-5
88-89	0.9667600419590581	1.2508532994899563E-4	3.6256617376520475E-6	9.721305534079553E-4	3.670982509372698E-5
90-91	1.0529071244688224	1.2961740712106072E-4	3.6256617376520475E-6	0.0010052147167640302	3.7616240528139995E-5
92-93	1.1440712164080629	1.3414948429312575E-4	3.6256617376520475E-6	0.0010219834023006708	3.80694482453465E-5
94-95	1.241112506024037	1.3958797689960384E-4	3.6256617376520475E-6	0.001034673218382453	3.8522655962553E-5
96-97	1.343808921535314	1.4502646950608188E-4	3.6256617376520475E-6	0.0010518951116363002	3.897586367975951E-5
98-99	1.4527514458051312	1.4865213124373394E-4	3.6256617376520475E-6	0.0010673041740213215	3.897586367975951E-5
100-101	1.5680828392644082	1.52277792981386E-4	3.6256617376520475E-6	0.0010949498447709184	3.897586367975951E-5
102-103	1.6900156563325155	1.54090623850212E-4	3.6256617376520475E-6	0.001122142307803309	3.897586367975951E-5
104-105	1.8182385433077317	1.5771628558786409E-4	3.6256617376520475E-6	0.001141177031925982	3.897586367975951E-5
106-107	1.9528566443804491	1.6179515504272264E-4	3.6256617376520475E-6	0.0011611181714830682	4.033548683137903E-5
108-109	2.0949871165735816	1.6587402449758117E-4	3.6256617376520475E-6	0.0011842317650606	4.078869454858554E-5
110-111	2.2448697067695313	1.6859327080082022E-4	3.6256617376520475E-6	0.001213690266679023	4.078869454858554E-5
112-113	2.4022542443084003	1.7131251710405924E-4	3.6256617376520475E-6	0.0012390698988425874	4.2148317700205055E-5
114-115	2.567799240003289	1.7176572482126574E-4	3.6256617376520475E-6	0.0012590110383996736	4.260152541741156E-5
116-117	2.7408430105870774	1.7312534797288528E-4	3.6256617376520475E-6	0.0012789521779567599	4.260152541741156E-5
118-119	2.9213778515285718	1.7765742514495034E-4	3.6256617376520475E-6	0.001297986902079433	4.260152541741156E-5
120-121	3.1107071882224586	1.8128308688260237E-4	3.6256617376520475E-6	0.0013174748339193128	4.260152541741156E-5
122-123	3.3076544934348693	1.8400233318584142E-4	3.6256617376520475E-6	0.0013315242731527146	4.305473313461806E-5
124-125	3.513679096015209	1.8626837177187393E-4	3.6256617376520475E-6	0.001358716736185105	4.350794085182457E-5
126-127	3.728297876536936	1.8853441035790648E-4	3.6256617376520475E-6	0.001385002783783082	4.350794085182457E-5
128-129	3.951365808530544	1.921600720955585E-4	3.6256617376520475E-6	0.001407209961926201	4.396114856903108E-5
130-131	4.184939548616716	1.9623894155041706E-4	4.53207717206506E-6	0.0014257914783316677	4.6227187155063606E-5
132-133	4.426374176557834	1.980517724192431E-4	4.985284889271566E-6	0.0014443729947371344	4.6680394872270116E-5
134-135	4.677527843994446	2.0167743415689515E-4	5.4384926064780715E-6	0.0014593288494049491	4.713360258947662E-5
136-137	4.9380053537971484	2.0394347274292767E-4	5.4384926064780715E-6	0.0014756443272243834	4.713360258947662E-5
138	5.138325884048728	2.0484988817734068E-4	5.4384926064780715E-6	0.0014874277278717526	4.804001802388963E-5
>>END_MODULE
>>Kmer Content	fail
#Sequence	Count	PValue	Obs/Exp Max	Max Obs/Exp Position
TATGCCG	165440	0.0	5.0665474	140-144
>>END_MODULE
