##FastQC	0.11.5
>>Basic Statistics	pass
#Measure	Value
Filename	SRR8293759_paired1_t2
File type	Conventional base calls
Encoding	Sanger / Illumina 1.9
Total Sequences	110290716
Sequences flagged as poor quality	0
Sequence length	36-150
%GC	41
>>END_MODULE
>>Per base sequence quality	pass
#Base	Mean	Median	Lower Quartile	Upper Quartile	10th Percentile	90th Percentile
1	31.51022219313546	32.0	32.0	32.0	32.0	32.0
2	31.419652783829964	32.0	32.0	32.0	32.0	32.0
3	35.176245859170955	37.0	32.0	37.0	32.0	37.0
4	35.882116968032015	37.0	37.0	37.0	32.0	37.0
5	36.19679775222422	37.0	37.0	37.0	37.0	37.0
6	39.54852495472058	41.0	41.0	41.0	37.0	41.0
7	39.736717440477946	41.0	41.0	41.0	37.0	41.0
8	39.82387625446189	41.0	41.0	41.0	37.0	41.0
9	39.838443174129	41.0	41.0	41.0	37.0	41.0
10-14	39.85845815163626	41.0	41.0	41.0	37.0	41.0
15-19	39.82404614183482	41.0	41.0	41.0	37.0	41.0
20-24	39.76297795908769	41.0	41.0	41.0	37.0	41.0
25-29	39.660039171384106	41.0	41.0	41.0	37.0	41.0
30-34	39.55846490832465	41.0	41.0	41.0	37.0	41.0
35-39	39.52877779765379	41.0	41.0	41.0	37.0	41.0
40-44	39.492375315008196	41.0	41.0	41.0	37.0	41.0
45-49	39.471246163506585	41.0	41.0	41.0	37.0	41.0
50-54	39.449321497477676	41.0	41.0	41.0	37.0	41.0
55-59	39.396899049781176	41.0	41.0	41.0	37.0	41.0
60-64	39.36764211274424	41.0	41.0	41.0	37.0	41.0
65-69	39.32948212655799	41.0	41.0	41.0	37.0	41.0
70-74	39.32735006133778	41.0	41.0	41.0	37.0	41.0
75-79	38.99275598779532	41.0	40.2	41.0	35.0	41.0
80-84	39.35479294309301	41.0	41.0	41.0	37.0	41.0
85-89	39.29099592294935	41.0	41.0	41.0	37.0	41.0
90-94	39.27911352078297	41.0	41.0	41.0	37.0	41.0
95-99	39.20377519919936	41.0	41.0	41.0	37.0	41.0
100-104	39.1872623304794	41.0	41.0	41.0	37.0	41.0
105-109	39.13526559713114	41.0	41.0	41.0	37.0	41.0
110-114	39.06336770330965	41.0	41.0	41.0	37.0	41.0
115-119	38.98747979429405	41.0	41.0	41.0	32.0	41.0
120-124	38.873531532195734	41.0	41.0	41.0	32.0	41.0
125-129	38.763733029607735	41.0	38.6	41.0	32.0	41.0
130-134	38.64362937418577	41.0	37.0	41.0	32.0	41.0
135-139	38.566315730893294	41.0	37.0	41.0	32.0	41.0
140-144	38.4269706042804	41.0	37.0	41.0	32.0	41.0
145-149	38.30392079042649	41.0	37.0	41.0	32.0	41.0
150	38.91229682407714	41.0	37.0	41.0	32.0	41.0
>>END_MODULE
>>Per sequence quality scores	pass
#Quality	Count
20	5.0
21	14.0
22	91.0
23	493.0
24	2365.0
25	11157.0
26	40434.0
27	118356.0
28	277175.0
29	540029.0
30	903621.0
31	1348707.0
32	1848972.0
33	2391289.0
34	2991493.0
35	3702870.0
36	4645391.0
37	6100844.0
38	8927901.0
39	1.7075219E7
40	5.936429E7
>>END_MODULE
>>Per base sequence content	fail
#Base	G	A	T	C
1	26.61137679077176	42.137054400843674	12.606231516349933	18.645337292034625
2	20.761879105736753	30.849104823806428	33.66206057383651	14.726955496620302
3	20.37135020503448	30.802304339016167	30.944970019054008	17.88137543689534
4	22.02243840723638	27.051105552710347	29.919280785156932	21.00717525489634
5	20.45016100901911	29.360033350404578	28.815508823063585	21.37429681751273
6	19.50189442962724	29.71611590589366	29.79366096417399	20.988328700305107
7	20.468654859399045	30.968717258123522	29.60727809582812	18.955349786649315
8	19.079071420605338	28.054781578200526	31.809633607733872	21.056513393460268
9	20.164621109178402	28.897707038188052	30.47903778229167	20.458634070341876
10-14	20.34162113880918	29.31743937540491	29.727203511853162	20.613735973932748
15-19	20.484143725849226	29.89564724571339	29.189544583591516	20.430664444845863
20-24	20.510770685185754	29.4875220085648	29.30294506646849	20.69876223978096
25-29	20.703138043146136	29.351388243808472	29.23956494949358	20.70590876355181
30-34	20.74549783089927	29.322731795095656	29.213179337184464	20.71859103682061
35-39	20.782252886072644	29.359714744012837	29.155796789599414	20.702235580315108
40-44	20.805328394338552	29.280852702213107	29.168144122426327	20.74567478102202
45-49	20.80109332273882	29.29320269701514	29.14302196005033	20.76268202019571
50-54	20.830002549832553	29.25439346534555	29.161135903216227	20.75446808160567
55-59	20.833505779671643	29.26502103833147	29.131570411036673	20.769902770960215
60-64	20.816356020485756	29.224006605989096	29.159697106062616	20.79994026746254
65-69	20.82407074364699	29.253013955730594	29.145128130085556	20.777787170536858
70-74	20.833270562040493	29.23583885939025	29.15099299779087	20.779897580778385
75-79	20.835694785490936	29.223224571910528	29.164277237825427	20.77680340477311
80-84	20.849276166293873	29.197000386874723	29.16756140709745	20.78616203973396
85-89	20.84149968414698	29.25391875238588	29.153271950412847	20.75130961305429
90-94	20.823452129554816	29.22527404134408	29.1581147683453	20.7931590607558
95-99	20.843149957365743	29.235450562887955	29.157835175313025	20.76356430443328
100-104	20.845624762051145	29.21927031196978	29.148789466174108	20.786315459804968
105-109	20.837693925064492	29.23708599863924	29.165070666341954	20.760149409954316
110-114	20.8330190267876	29.205186933052396	29.178466297722878	20.783327742437127
115-119	20.83920028838992	29.218858195886217	29.162153964896337	20.77978755082752
120-124	20.84041024504468	29.20341583608581	29.156948240889207	20.7992256779803
125-129	20.81955931593198	29.199008649341597	29.191640347008512	20.78979168771791
130-134	20.846965629091958	29.216353084309354	29.162032719328206	20.77464856727048
135-139	20.842873838484806	29.337251620213074	29.102793516721604	20.71708102458052
140-144	21.00391819642918	29.336503039346763	28.973488585395245	20.686090178828813
145-149	21.116612684322114	29.47359378651189	28.760376104033835	20.649417425132157
150	21.224153842488843	29.4776803704213	28.43922492702347	20.85894086006639
>>END_MODULE
>>Per sequence GC content	pass
#GC Content	Count
0	417.0
1	523.5
2	694.0
3	874.5
4	1212.0
5	1568.5
6	1976.5
7	2676.0
8	3511.5
9	4632.0
10	6223.5
11	8397.0
12	11536.0
13	16275.0
14	23665.0
15	34983.5
16	52121.5
17	77644.0
18	115217.5
19	169515.0
20	246149.5
21	349224.5
22	479111.0
23	634759.5
24	815790.5
25	1037461.0
26	1269760.5
27	1493503.0
28	1743028.0
29	2015674.5
30	2306411.0
31	2605265.0
32	2906941.0
33	3208836.0
34	3504994.5
35	3784342.0
36	4011289.5
37	4171438.0
38	4278824.0
39	4352862.0
40	4399239.0
41	4417488.0
42	4407778.5
43	4374016.5
44	4331671.5
45	4276828.5
46	4193493.5
47	4072856.0
48	3909684.0
49	3719731.0
50	3499071.0
51	3223031.5
52	2908277.0
53	2578103.5
54	2246273.0
55	1927491.0
56	1626742.5
57	1345856.5
58	1086896.0
59	855531.0
60	658930.0
61	501014.5
62	376304.0
63	279803.0
64	208486.0
65	156738.0
66	119766.5
67	94504.0
68	76549.0
69	63883.0
70	55200.0
71	48447.0
72	43507.0
73	40563.5
74	39263.0
75	37653.5
76	32454.5
77	26437.0
78	22376.0
79	18902.0
80	16387.5
81	14417.5
82	12062.5
83	8959.0
84	5908.5
85	3639.0
86	2203.5
87	1346.0
88	822.0
89	536.5
90	368.5
91	251.0
92	188.0
93	144.5
94	117.0
95	104.0
96	84.5
97	68.0
98	55.0
99	43.5
100	53.5
>>END_MODULE
>>Per base N content	pass
#Base	N-Count
1	0.0
2	0.13863451571027974
3	0.0
4	0.0
5	0.0
6	0.0
7	0.0
8	0.0016465574491328896
9	0.0
10-14	0.0
15-19	1.3890561740482308E-4
20-24	1.523246979374039E-5
25-29	0.0015502664793653166
30-34	3.229646274125195E-4
35-39	5.960886494985263E-4
40-44	0.0017458739869977227
45-49	7.09195584453295E-4
50-54	8.649606006799844E-4
55-59	2.4044376008027575E-4
60-64	8.312191390208351E-4
65-69	8.357209150394955E-4
70-74	8.321365249428993E-4
75-79	8.285830980098244E-4
80-84	9.857055647081241E-4
85-89	0.0019166926903500991
90-94	0.0012375269326046533
95-99	2.5534211950045737E-5
100-104	9.096546018447565E-4
105-109	0.0010916214497276669
110-114	3.1095299689541623E-4
115-119	1.374464132721275E-4
120-124	9.55072949333415E-4
125-129	6.720300721809824E-4
130-134	5.692310178132249E-4
135-139	6.620211797046347E-4
140-144	0.0011258208396616452
145-149	0.0010966838471415858
150	0.0
>>END_MODULE
>>Sequence Length Distribution	warn
#Length	Count
35-39	131469.0
40-44	181651.0
45-49	199555.0
50-54	218921.0
55-59	241638.0
60-64	266864.0
65-69	290024.0
70-74	316221.0
75-79	351858.0
80-84	386827.0
85-89	454275.0
90-94	509433.0
95-99	553117.0
100-104	600856.0
105-109	658758.0
110-114	723545.0
115-119	793039.0
120-124	871669.0
125-129	948707.0
130-134	885114.0
135-139	436738.0
140-144	526404.0
145-149	4162272.0
150-151	9.5581761E7
>>END_MODULE
>>Sequence Duplication Levels	pass
#Total Deduplicated Percentage	92.92416743049645
#Duplication Level	Percentage of deduplicated	Percentage of total
1	96.43303521362758	89.6095951002209
2	3.0433987171704113	5.656105839042029
3	0.28409634563763775	0.7919824916527213
4	0.051881489660717636	0.19284176927104388
5	0.030981966585717502	0.143948672516863
6	0.020269593033017133	0.1130121034048865
7	0.016305231629848482	0.10606050517755468
8	0.014004376564564014	0.10410760261162137
9	0.009819582420855755	0.0821228868875844
>10	0.08022754428565894	1.476975629528752
>50	0.01083072467934002	0.7001085915616834
>100	0.004900425981509029	0.7808420864703645
>500	1.8117628704239724E-4	0.11177805704714404
>1k	6.362518038194271E-5	0.09573367122797376
>5k	1.9951607978489586E-6	0.013691324021816305
>10k+	1.992094897196495E-6	0.02109366935700715
>>END_MODULE
>>Overrepresented sequences	pass
>>END_MODULE
>>Adapter Content	pass
#Position	Illumina Universal Adapter	Illumina Small RNA 3' Adapter	Illumina Small RNA 5' Adapter	Nextera Transposase Sequence	SOLID Small RNA Adapter
1	1.8133892611595704E-6	1.8133892611595704E-6	0.0	9.066946305797851E-6	0.0
2	1.8133892611595704E-6	5.4401677834787106E-6	0.0	1.722719798101592E-5	0.0
3	1.8133892611595704E-6	5.4401677834787106E-6	0.0	3.173431207029248E-5	0.0
4	2.7200838917393553E-6	8.160251675218067E-6	0.0	5.3494983204207326E-5	0.0
5	3.626778522319141E-6	8.160251675218067E-6	0.0	6.437531877116474E-5	0.0
6	4.5334731528989255E-6	9.066946305797851E-6	0.0	7.88824328604413E-5	0.0
7	4.5334731528989255E-6	9.066946305797851E-6	0.0	8.704268453565937E-5	0.0
8	4.5334731528989255E-6	1.1787030197537207E-5	0.0	1.042698825166753E-4	3.626778522319141E-6
9	6.3468624140584965E-6	1.3600419458696777E-5	0.0	1.1424352345305293E-4	3.626778522319141E-6
10-11	8.61359899050796E-6	1.6320503350436133E-5	0.0	1.3101737411877896E-4	4.080125837609033E-6
12-13	1.3600419458696779E-5	1.994728187275527E-5	9.066946305797852E-7	1.5595147645972306E-4	5.4401677834787106E-6
14-15	1.6773850665726028E-5	2.5840796971523877E-5	9.066946305797852E-7	1.7317867444073895E-4	5.4401677834787106E-6
16-17	1.8133892611595705E-5	2.6747491602103663E-5	9.066946305797852E-7	1.9221926168291447E-4	6.8002097293483895E-6
18-19	2.2214018449204737E-5	3.173431207029248E-5	9.066946305797852E-7	2.1307323818624952E-4	7.706904359928174E-6
20-21	2.810753354797334E-5	3.309435401616216E-5	9.066946305797852E-7	2.389140351577734E-4	9.520293621087744E-6
22-23	3.264100670087227E-5	3.4907743277321727E-5	9.066946305797852E-7	2.5931466434581856E-4	1.0880335566957421E-5
24-25	3.626778522319141E-5	3.989456374551055E-5	9.066946305797852E-7	2.7790190427270413E-4	1.22403775128271E-5
26-27	3.989456374551055E-5	4.26146476372499E-5	9.066946305797852E-7	2.960357968842998E-4	1.4507114089276563E-5
28-29	4.397468958311958E-5	4.578807884427915E-5	9.066946305797852E-7	3.150763841264754E-4	1.5413808719856347E-5
30-31	4.760146810543872E-5	4.941485736659829E-5	9.066946305797852E-7	3.3502366599923064E-4	1.5413808719856347E-5
32-33	5.122824662775786E-5	5.304163588891743E-5	9.066946305797852E-7	3.5950442102488484E-4	1.5413808719856347E-5
34-35	5.3948330519497214E-5	5.530837246536689E-5	9.066946305797852E-7	3.780916609517704E-4	1.5413808719856347E-5
36-37	5.848180367239614E-5	5.757510904181636E-5	9.066946305797852E-7	3.9894563745510546E-4	1.5413808719856347E-5
38-39	6.845544460877377E-5	5.9841845618265825E-5	9.066946305797852E-7	4.2297304516546977E-4	1.7227197981015916E-5
40-41	7.616234896870195E-5	6.256192951000517E-5	9.066946305797852E-7	4.4246697972293513E-4	1.8133892611595702E-5
42-43	8.477594795920991E-5	6.709540266290411E-5	9.066946305797852E-7	4.619609142804005E-4	1.8587239926885593E-5
44-45	9.520293621087745E-5	6.936213923935356E-5	9.066946305797852E-7	4.823615434684457E-4	1.9947281872755274E-5
46-47	1.0381653520138539E-4	7.162887581580303E-5	1.8133892611595704E-6	5.077489931246796E-4	1.9947281872755274E-5
48-49	1.1288348150718326E-4	7.162887581580303E-5	1.8133892611595704E-6	5.304163588891744E-4	1.9947281872755274E-5
50-51	1.2648390096588004E-4	7.570900165341206E-5	1.8133892611595704E-6	5.4855025150077E-4	1.9947281872755274E-5
52-53	1.4144436237044648E-4	7.752239091457164E-5	1.8133892611595704E-6	5.725776592111344E-4	1.9947281872755274E-5
54-55	1.5640482377501295E-4	7.933578017573121E-5	1.8133892611595704E-6	6.024985820202672E-4	2.1760671133914842E-5
56-57	1.659251173961007E-4	8.341590601334024E-5	1.8133892611595704E-6	6.260726424153417E-4	2.2667365764494628E-5
58-59	1.7272532712544905E-4	8.613598990507958E-5	1.8133892611595704E-6	6.478333135492564E-4	2.312071307978452E-5
60-61	1.885924831605953E-4	8.704268453565937E-5	1.8133892611595704E-6	6.664205534761421E-4	2.3574060395074414E-5
62-63	2.021929026192921E-4	8.794937916623916E-5	1.8133892611595704E-6	6.88181224610057E-4	2.493410234094409E-5
64-65	2.1035315429451015E-4	9.021611574268863E-5	1.8133892611595704E-6	7.067684645369425E-4	2.5387449656233986E-5
66-67	2.262203103296564E-4	9.202950500384818E-5	1.8133892611595704E-6	7.294358303014372E-4	2.5387449656233986E-5
68-69	2.3528725663545425E-4	9.429624158029766E-5	1.8133892611595704E-6	7.475697229130328E-4	2.5840796971523877E-5
70-71	2.497943707247308E-4	9.656297815674712E-5	1.8133892611595704E-6	7.711437833081072E-4	2.629414428681377E-5
72-73	2.620347482375579E-4	9.882971473319658E-5	2.7200838917393553E-6	7.93357801757312E-4	2.6747491602103663E-5
74-75	2.7200838917393555E-4	1.0018975667906626E-4	2.7200838917393553E-6	8.133050836300673E-4	2.8560880863263235E-5
76-77	2.8560880863263234E-4	1.0290984057080561E-4	2.7200838917393553E-6	8.346124074486922E-4	2.9014228178553126E-5
78-79	3.137163421806057E-4	1.038165352013854E-4	2.7200838917393553E-6	8.473061322768092E-4	2.992092280913291E-5
80-81	3.4862408545792737E-4	1.0698996640841465E-4	3.626778522319141E-6	8.704268453565937E-4	2.992092280913291E-5
82-83	3.6811802001539273E-4	1.1243013419189336E-4	3.626778522319141E-6	8.994410735351469E-4	3.264100670087227E-5
84-85	3.8987869114930757E-4	1.1605691271421249E-4	3.626778522319141E-6	9.193883554079022E-4	3.4907743277321727E-5
86-87	4.0755923644561346E-4	1.2013703855182153E-4	3.626778522319141E-6	9.420557211723968E-4	3.536109059261162E-5
88-89	4.297732548948182E-4	1.2512385902001033E-4	3.626778522319141E-6	9.697099074050802E-4	3.67211325384813E-5
90-91	4.6513434548742976E-4	1.2965733217290928E-4	3.626778522319141E-6	0.0010018975667906627	3.762782716906108E-5
92-93	4.923351844048233E-4	1.3419080532580822E-4	3.626778522319141E-6	0.0010186714174563885	3.8081174484350976E-5
94-95	5.304163588891744E-4	1.396309731092869E-4	3.626778522319141E-6	0.0010313651422845056	3.853452179964087E-5
96-97	6.047653185967167E-4	1.4507114089276564E-4	3.626778522319141E-6	0.0010485923402655216	3.8987869114930765E-5
98-99	6.958881289699851E-4	1.4869791941508477E-4	3.626778522319141E-6	0.001064006148985378	3.8987869114930765E-5
100-101	7.711437833081072E-4	1.523246979374039E-4	3.626778522319141E-6	0.0010912069879027715	3.8987869114930765E-5
102-103	8.799471389776814E-4	1.5413808719856348E-4	3.626778522319141E-6	0.001117954479504875	3.8987869114930765E-5
104-105	0.001064006148985378	1.5776486572088264E-4	3.626778522319141E-6	0.0011369950667470506	3.8987869114930765E-5
106-107	0.0012879597227385849	1.6184499155849164E-4	3.626778522319141E-6	0.001156489001304516	4.0347911060800435E-5
108-109	0.0014606850498640339	1.659251173961007E-4	3.626778522319141E-6	0.0011782496724384308	4.080125837609033E-5
110-111	0.0015989559810274511	1.6864520128784006E-4	3.626778522319141E-6	0.001206810553301694	4.080125837609033E-5
112-113	0.001683731928986661	1.713652851795794E-4	3.626778522319141E-6	0.0012312913083273483	4.2161300321960014E-5
114-115	0.0017608009725859426	1.718186324948693E-4	3.626778522319141E-6	0.001249878548254234	4.26146476372499E-5
116-117	0.001836056626924065	1.7317867444073898E-4	3.626778522319141E-6	0.0012689191354964093	4.26146476372499E-5
118-119	0.0020581968114161122	1.777121475936379E-4	3.626778522319141E-6	0.001287506375423295	4.26146476372499E-5
120-121	0.002632587859888406	1.8133892611595703E-4	3.626778522319141E-6	0.0013070003099807602	4.26146476372499E-5
122-123	0.003578723706898412	1.840590100076964E-4	3.626778522319141E-6	0.001321054076754747	4.306799495253979E-5
124-125	0.004654970233396618	1.8632574658414584E-4	3.626778522319141E-6	0.0013482549156721407	4.3521342267829685E-5
126-127	0.005854527229653673	1.885924831605953E-4	3.626778522319141E-6	0.0013745490599589543	4.3521342267829685E-5
128-129	0.00704728401618138	1.9221926168291447E-4	3.626778522319141E-6	0.001396763078408159	4.397468958311958E-5
130-131	0.008122623848049005	1.962993875205235E-4	4.5334731528989255E-6	0.0014153503183350446	4.6241426159569046E-5
132-133	0.009273672681570044	1.9811277678168305E-4	4.986820468188818E-6	0.0014339375582619303	4.6694773474858934E-5
134-135	0.07589804748388795	2.017395553040022E-4	5.4401677834787106E-6	0.0014488980196664966	4.714812079014883E-5
136-137	0.3364544301262855	2.0400629188045168E-4	5.4401677834787106E-6	0.0014652185230169328	4.714812079014883E-5
138	0.5368357568736792	2.0491298651103144E-4	5.4401677834787106E-6	0.00147700555321447	4.805481542072861E-5
>>END_MODULE
>>Kmer Content	fail
#Sequence	Count	PValue	Obs/Exp Max	Max Obs/Exp Position
CGGAAGA	115455	0.0	20.287668	140-144
TCGGAAG	126615	0.0	19.063887	140-144
ATCGGAA	141640	0.0	17.424967	140-144
GATCGGA	151690	0.0	16.439194	140-144
AGATCGG	171360	0.0	14.886344	140-144
TAGATCG	84860	0.0	12.923997	140-144
CAGATCG	61595	0.0	11.272515	140-144
GAGATCG	48890	0.0	10.075367	140-144
GAAGAGC	199120	0.0	9.752618	140-144
AAGATCG	38630	0.0	8.954623	140-144
GGAAGAG	318555	0.0	7.8873057	140-144
AGAGCAC	159195	0.0	6.4805183	140-144
AAGAGCA	297090	0.0	5.314945	140-144
GGTTCGA	11500	0.0	5.2224913	1
>>END_MODULE
