##FastQC	0.11.5
>>Basic Statistics	pass
#Measure	Value
Filename	SRR8293759.1_1.fastq.gz
File type	Conventional base calls
Encoding	Sanger / Illumina 1.9
Total Sequences	117371326
Sequences flagged as poor quality	0
Sequence length	150
%GC	41
>>END_MODULE
>>Per base sequence quality	pass
#Base	Mean	Median	Lower Quartile	Upper Quartile	10th Percentile	90th Percentile
1	31.08825751018609	32.0	32.0	32.0	32.0	32.0
2	31.317219565194314	32.0	32.0	32.0	32.0	32.0
3	34.92074292489462	37.0	32.0	37.0	32.0	37.0
4	35.67943368042038	37.0	37.0	37.0	32.0	37.0
5	35.985626148587606	37.0	37.0	37.0	32.0	37.0
6	39.28844115640305	41.0	41.0	41.0	37.0	41.0
7	39.496195638106705	41.0	41.0	41.0	37.0	41.0
8	39.59513633679149	41.0	41.0	41.0	37.0	41.0
9	39.612697133540095	41.0	41.0	41.0	37.0	41.0
10-14	39.63463374691703	41.0	41.0	41.0	37.0	41.0
15-19	39.59107211756302	41.0	41.0	41.0	37.0	41.0
20-24	39.51872073593171	41.0	41.0	41.0	37.0	41.0
25-29	39.36941119162274	41.0	41.0	41.0	37.0	41.0
30-34	39.24006249874011	41.0	41.0	41.0	37.0	41.0
35-39	39.20557073198611	41.0	41.0	41.0	37.0	41.0
40-44	39.147834765026	41.0	41.0	41.0	37.0	41.0
45-49	39.1082461759016	41.0	41.0	41.0	37.0	41.0
50-54	39.068243202773395	41.0	41.0	41.0	37.0	41.0
55-59	38.995100580187696	41.0	41.0	41.0	37.0	41.0
60-64	38.9414224152158	41.0	41.0	41.0	37.0	41.0
65-69	38.88035830318557	41.0	41.0	41.0	32.0	41.0
70-74	38.85503377034354	41.0	41.0	41.0	32.0	41.0
75-79	38.464157066777965	41.0	39.4	41.0	32.0	41.0
80-84	38.82820040731243	41.0	41.0	41.0	32.0	41.0
85-89	38.731422754821736	41.0	41.0	41.0	32.0	41.0
90-94	38.68983439106754	41.0	41.0	41.0	32.0	41.0
95-99	38.578785954927355	41.0	41.0	41.0	32.0	41.0
100-104	38.532543081263306	41.0	41.0	41.0	32.0	41.0
105-109	38.44037401946025	41.0	41.0	41.0	32.0	41.0
110-114	38.32835033490207	41.0	37.8	41.0	32.0	41.0
115-119	38.20770481710328	41.0	37.0	41.0	32.0	41.0
120-124	38.040149591562084	41.0	37.0	41.0	32.0	41.0
125-129	37.8749114532454	41.0	37.0	41.0	32.0	41.0
130-134	37.69094747553589	41.0	37.0	41.0	29.0	41.0
135-139	37.529542034823734	41.0	37.0	41.0	27.0	41.0
140-144	37.279413324511644	41.0	37.0	41.0	27.0	41.0
145-149	36.996532442685364	41.0	37.0	41.0	27.0	41.0
150	36.853013486445576	41.0	37.0	41.0	27.0	41.0
>>END_MODULE
>>Per sequence quality scores	pass
#Quality	Count
13	1.0
14	2.0
15	46.0
16	308.0
17	1225.0
18	4212.0
19	12040.0
20	26079.0
21	46242.0
22	74726.0
23	117439.0
24	185332.0
25	290110.0
26	441181.0
27	637839.0
28	894247.0
29	1198158.0
30	1552632.0
31	1954119.0
32	2393587.0
33	2886343.0
34	3443781.0
35	4129178.0
36	5043833.0
37	6473132.0
38	9285461.0
39	1.7442239E7
40	5.8837834E7
>>END_MODULE
>>Per base sequence content	fail
#Base	G	A	T	C
1	26.73088808125342	42.219696110133995	12.327837906985328	18.721577901627263
2	20.808774923538866	30.843984735546297	33.615483665532	14.731756675382837
3	20.375858239856644	30.83419965793008	30.908567054955142	17.881375047258135
4	22.07050297787383	27.013751212114617	29.859645617363135	21.056100192648415
5	20.489138888999175	29.342836256276083	28.7406014310514	21.427423423673343
6	19.5222553760703	29.687211678941072	29.723479480840147	21.067053464148476
7	20.507611032698055	30.998855717111006	29.513250110167455	18.980283140023484
8	19.08738515147616	28.03440396038612	31.750165345817155	21.12804554232056
9	20.19230744653937	28.886911442067202	30.404817953577517	20.515963157815907
10-14	20.362286911677646	29.30329142518369	29.6517655885915	20.68265607454716
15-19	20.50373295963236	29.88123367568151	29.115083618099124	20.499949746587006
20-24	20.53351490244102	29.4694480046208	29.226853939751006	20.770183153187176
25-29	20.742265727899948	29.318674619102957	29.165956404970807	20.77310324802629
30-34	20.78565941200469	29.28287718647039	29.147509872763056	20.78395352876186
35-39	20.82435467904936	29.319360050347743	29.09496700133945	20.761318269263445
40-44	20.84852680429602	29.238582082736354	29.106490941571728	20.806400171395893
45-49	20.849794107396697	29.24748361190793	29.07539410143127	20.827328179264097
50-54	20.880696853489106	29.203617763039436	29.0854440285545	20.830241354916957
55-59	20.887742129814953	29.212562463759905	29.047695758581188	20.851999647843957
60-64	20.875122524059744	29.167667783038404	29.0634460881996	20.893763604702247
65-69	20.885932793493396	29.200668570226675	29.03071421291984	20.882684423360086
70-74	20.90178902020906	29.174595349718558	29.020232334724728	20.90338329534766
75-79	20.909333740397315	29.156912023649372	29.017037172785116	20.916717063168203
80-84	20.92991295987712	29.12432316920356	29.00049260740758	20.945271263511742
85-89	20.928598206927234	29.17464581965328	28.963504719074646	20.93325125434484
90-94	20.916396249291466	29.136064369332242	28.94541279250949	21.0021265888668
95-99	20.944032147797774	29.137602598467243	28.91884943084337	20.999515822891613
100-104	20.95259701245856	29.113670645510513	28.879884809841812	21.053847532189113
105-109	20.95583772807216	29.122146873969783	28.858567256878754	21.063448141079302
110-114	20.9585780369065	29.082053555562844	28.833090617420275	21.126277790110382
115-119	20.976636258961886	29.083316897530587	28.774617462140352	21.165429381367176
120-124	20.992093041935966	29.054443129418488	28.722081438995968	21.231382389649582
125-129	20.982238717374354	29.03267792945014	28.703465431273358	21.281617921902154
130-134	21.024831242552438	29.02861412408481	28.620854449097965	21.325700184264786
135-139	21.010866692965006	29.020241097075157	28.572254363007048	21.39663784695279
140-144	21.018786176602017	28.98911230278201	28.50920276411249	21.482898756503477
145-149	21.02522070925648	28.94670511786251	28.459463070578323	21.56861110230269
150	21.03153725171477	28.91868354495952	28.439562493751026	21.61021670957468
>>END_MODULE
>>Per sequence GC content	pass
#GC Content	Count
0	196.0
1	179.5
2	217.0
3	311.0
4	428.0
5	586.5
6	806.5
7	1227.5
8	1738.5
9	2489.0
10	3632.0
11	5304.0
12	7859.0
13	11734.5
14	18052.0
15	28311.0
16	44291.0
17	68722.5
18	105271.0
19	158709.5
20	235053.5
21	338807.5
22	470510.5
23	628804.0
24	812454.0
25	1038749.0
26	1280201.5
27	1514937.5
28	1775229.0
29	2060852.5
30	2366610.5
31	2680579.5
32	2998176.5
33	3319061.5
34	3634865.0
35	3933152.5
36	4179309.0
37	4356055.0
38	4478047.0
39	4565445.5
40	4623707.0
41	4651480.5
42	4648297.5
43	4619914.5
44	4581460.0
45	4529455.5
46	4445086.0
47	4319628.5
48	4149191.0
49	3947263.0
50	3711271.0
51	3422026.5
52	3095137.5
53	2748221.5
54	2396093.5
55	2056485.5
56	1734583.5
57	1431561.0
58	1153005.5
59	905419.0
60	694642.0
61	525527.5
62	392576.0
63	289997.0
64	215105.0
65	161309.0
66	122905.0
67	96505.0
68	77972.0
69	64975.5
70	56033.5
71	49232.0
72	44320.5
73	41035.5
74	38431.5
75	36082.5
76	31947.0
77	27163.0
78	23333.5
79	19643.5
80	16771.5
81	14422.0
82	11845.5
83	8673.0
84	5649.0
85	3438.5
86	2042.5
87	1224.0
88	719.5
89	445.5
90	296.0
91	208.5
92	165.5
93	130.0
94	86.5
95	66.5
96	55.0
97	41.5
98	31.0
99	28.0
100	53.0
>>END_MODULE
>>Per base N content	pass
#Base	N-Count
1	1.0754653994451762
2	0.14451655764713778
3	0.0
4	0.0
5	0.0
6	0.0
7	0.0
8	0.001843721182804052
9	0.0
10-14	3.578386768843354E-5
15-19	1.6477619073673922E-4
20-24	9.508284842926628E-5
25-29	0.002227630963289961
30-34	8.881215161529316E-4
35-39	0.0011759260519899042
40-44	0.0024019495187436153
45-49	0.0013567197835014661
50-54	0.0014990032574054757
55-59	5.364172165866133E-4
60-64	0.001295887208431129
65-69	0.0014451570565028804
70-74	0.0011687692784522175
75-79	0.001198248369452689
80-84	0.0013570605822413558
85-89	0.002626706287700967
90-94	0.001824977252110111
95-99	1.9221048929787162E-4
100-104	0.0015799429581293133
105-109	0.0020337164802926395
110-114	0.0011299182221047755
115-119	4.4729834610541933E-4
120-124	0.002236150931787207
125-129	0.001520303178648591
130-134	0.001491335285757954
135-139	0.001439704276664643
140-144	0.002696570029378385
145-149	0.0022122950199949176
150	0.0017304056017906793
>>END_MODULE
>>Sequence Length Distribution	pass
#Length	Count
150	1.17371326E8
>>END_MODULE
>>Sequence Duplication Levels	pass
#Total Deduplicated Percentage	92.94702364892017
#Duplication Level	Percentage of deduplicated	Percentage of total
1	96.43015131164361	89.62895554432289
2	3.0566345961365817	5.682101761864288
3	0.27931540432294655	0.7788460647333785
4	0.05239445606634686	0.194796349882842
5	0.02946119967567373	0.13691654114902027
6	0.018107525661851982	0.10098243695493511
7	0.016142445867906748	0.10502746084850197
8	0.013861632594410204	0.10307179940522306
9	0.010771003936202311	0.09010194818227277
>10	0.07724914637756433	1.4193053599861096
>50	0.010608940257155941	0.6862822781968311
>100	0.005046575731579386	0.8014239996396493
>500	1.7998969296847685E-4	0.11118066946281681
>1k	7.015366106758041E-5	0.10878800055324259
>5k	2.812786342455311E-6	0.018292717363745103
>10k+	2.8055878010548644E-6	0.033927067454219244
>>END_MODULE
>>Overrepresented sequences	pass
>>END_MODULE
>>Adapter Content	warn
#Position	Illumina Universal Adapter	Illumina Small RNA 3' Adapter	Illumina Small RNA 5' Adapter	Nextera Transposase Sequence	SOLID Small RNA Adapter
1	1.533594329504295E-5	1.7039936994492163E-6	0.0	8.519968497246083E-6	0.0
2	1.959592754366599E-5	5.11198109834765E-6	0.0	1.6187940144767557E-5	0.0
3	3.322787713925972E-5	5.11198109834765E-6	0.0	3.1523883439810506E-5	0.0
4	4.685982673485345E-5	7.667971647521474E-6	0.0	5.19718078332011E-5	0.0
5	6.21957700298964E-5	7.667971647521474E-6	0.0	6.389976372934561E-5	0.0
6	7.071573852714248E-5	8.519968497246083E-6	0.0	7.753171332493935E-5	0.0
7	8.349569127301161E-5	8.519968497246083E-6	0.0	8.519968497246083E-5	0.0
8	9.627564401888073E-5	1.2779952745869122E-5	0.0	1.039436156664022E-4	3.4079873988984327E-6
9	1.1075959046419906E-4	1.4483946445318339E-5	0.0	1.1331558101337289E-4	3.4079873988984327E-6
10-11	1.448394644531834E-4	1.7039936994492165E-5	0.0	1.2992951958300274E-4	3.833985823760737E-6
12-13	2.0234925180959444E-4	2.0021925968528294E-5	8.519968497246082E-7	1.5378543137529178E-4	5.11198109834765E-6
14-15	3.143868375483804E-4	2.598590391660055E-5	8.519968497246082E-7	1.7125136679464623E-4	5.11198109834765E-6
16-17	4.639122846750492E-4	2.6837900766325157E-5	8.519968497246082E-7	1.9042129591344994E-4	6.389976372934561E-6
18-19	6.65409539634919E-4	3.1523883439810506E-5	8.519968497246082E-7	2.1257321400628977E-4	7.24197322265917E-6
20-21	9.129146244799177E-4	3.322787713925972E-5	8.519968497246082E-7	2.4026311162233952E-4	8.945966922108387E-6
22-23	0.0012473233879968263	3.5357869263571247E-5	8.519968497246082E-7	2.624150297151793E-4	1.1075959046419907E-5
24-25	0.0017252936206923317	4.004385193705659E-5	8.519968497246082E-7	2.824369556837076E-4	1.2353954321006818E-5
26-27	0.002498480761817414	4.2599842486230413E-5	8.519968497246082E-7	3.003288895279244E-4	1.4483946445318339E-5
28-29	0.003765400077357906	4.558183146026654E-5	8.519968497246082E-7	3.1822082337214116E-4	1.533594329504295E-5
30-31	0.005747996746667069	4.984181570888958E-5	8.519968497246082E-7	3.382427493406695E-4	1.533594329504295E-5
32-33	0.008623912112912484	5.3249803107788013E-5	8.519968497246082E-7	3.625246595578208E-4	1.533594329504295E-5
34-35	0.012604867393250715	5.537979523209953E-5	8.519968497246082E-7	3.825465855263491E-4	1.533594329504295E-5
36-37	0.017803752170270276	5.750978735641105E-5	8.519968497246082E-7	4.029945099197397E-4	1.6187940144767557E-5
38-39	0.024422489697355894	6.006577790558488E-5	8.519968497246082E-7	4.264244232871664E-4	1.7891933844216774E-5
40-41	0.03243765006114015	6.3047766879621E-5	8.519968497246082E-7	4.455943524059701E-4	1.8743930693941382E-5
42-43	0.04175253161917929	6.730775112824406E-5	8.519968497246082E-7	4.66468275224223E-4	1.9169929118803686E-5
44-45	0.052770554879817924	6.943774325255558E-5	8.519968497246082E-7	4.856382043430267E-4	2.04479243933906E-5
46-47	0.06562803933901198	7.15677353768671E-5	1.7039936994492163E-6	5.107721114099026E-4	2.04479243933906E-5
48-49	0.07997822227892357	7.15677353768671E-5	1.7039936994492163E-6	5.329240295027424E-4	2.04479243933906E-5
50-51	0.09627947800470449	7.540172120062783E-5	1.7039936994492163E-6	5.512419617718215E-4	2.04479243933906E-5
52-53	0.1143064533496026	7.753171332493936E-5	1.7039936994492163E-6	5.763758688386974E-4	2.04479243933906E-5
54-55	0.13430622740003806	7.966170544925088E-5	1.7039936994492163E-6	6.070477554287833E-4	2.2151918092839815E-5
56-57	0.15654632716682437	8.34956912730116E-5	1.7039936994492163E-6	6.300516703713478E-4	2.3429913367426724E-5
58-59	0.18118224207503628	8.605168182218543E-5	1.7039936994492163E-6	6.500735963398761E-4	2.4281910217151332E-5
60-61	0.20826764792620645	8.690367867191004E-5	1.7039936994492163E-6	6.692435254586797E-4	2.4707908642013636E-5
62-63	0.23767602318815073	8.775567552163464E-5	1.7039936994492163E-6	6.90543446701795E-4	2.6837900766325157E-5
64-65	0.26992708593920123	8.988566764594618E-5	1.7039936994492163E-6	7.101393742454609E-4	2.726389919118746E-5
66-67	0.30496034440302733	9.158966134539538E-5	1.7039936994492163E-6	7.331432891880254E-4	2.726389919118746E-5
68-69	0.34300242974165596	9.37196534697069E-5	1.7039936994492163E-6	7.518872198819667E-4	2.811589604091207E-5
70-71	0.38425824719744583	9.584964559401841E-5	1.7039936994492163E-6	7.765951285239803E-4	2.8967892890636678E-5
72-73	0.4289050121151396	9.840563614319224E-5	3.4079873988984327E-6	7.974690513422333E-4	2.9393891315498982E-5
74-75	0.4773559429668538	1.0053562826750376E-4	3.4079873988984327E-6	8.179169757356239E-4	3.10978850149482E-5
76-77	0.5298197789807708	1.039436156664022E-4	3.4079873988984327E-6	8.392168969787391E-4	3.1523883439810506E-5
78-79	0.5859808553240679	1.0522161094098911E-4	3.4079873988984327E-6	8.515708512997459E-4	3.2375880289535114E-5
80-81	0.6463354601617093	1.0862959833988754E-4	4.259984248623041E-6	8.745747662423104E-4	3.2375880289535114E-5
82-83	0.7111251346005922	1.141675778630975E-4	4.259984248623041E-6	9.026906622832225E-4	3.493187083870894E-5
84-85	0.7798246225828616	1.1842756211172053E-4	4.259984248623041E-6	9.23138586676613E-4	3.706186296302046E-5
86-87	0.8531926273031967	1.2311354478520588E-4	4.259984248623041E-6	9.474204968937643E-4	3.7913859812745065E-5
88-89	0.9316943390415475	1.2779952745869125E-4	4.259984248623041E-6	9.763883897844011E-4	3.961785351219428E-5
90-91	1.0151896043161344	1.320595117073143E-4	4.259984248623041E-6	0.0010104682637733853	4.0469850361918896E-5
92-93	1.1035774615002647	1.371714928056619E-4	4.259984248623041E-6	0.0010283601976176023	4.08958487867812E-5
94-95	1.1977145934263365	1.4228347390400956E-4	4.259984248623041E-6	0.0010415661487883335	4.13218472116435E-5
96-97	1.2974987604723833	1.4696945657749494E-4	4.259984248623041E-6	0.0010581800873579635	4.1747845636505805E-5
98-99	1.4034552186962599	1.5080344240125566E-4	4.259984248623041E-6	0.0010747940259275934	4.1747845636505805E-5
100-101	1.5157262515718704	1.542114298001541E-4	4.259984248623041E-6	0.0011041879172430922	4.1747845636505805E-5
102-103	1.6344260266770778	1.5676742034932792E-4	4.259984248623041E-6	0.0011297478227348305	4.1747845636505805E-5
104-105	1.7593858486356369	1.6017540774822633E-4	4.259984248623041E-6	0.0011476397565790472	4.1747845636505805E-5
106-107	1.8907360729655553	1.6400939357198707E-4	4.259984248623041E-6	0.0011685136793973	4.3025840911092714E-5
108-109	2.029501651877052	1.6784337939574782E-4	4.259984248623041E-6	0.001194925581738763	4.345183933595502E-5
110-111	2.17598163626438	1.7039936994492165E-4	4.259984248623041E-6	0.0012247454714791244	4.345183933595502E-5
112-113	2.3298774012317116	1.7295536049409546E-4	4.259984248623041E-6	0.001252435369095174	4.472983461054193E-5
114-115	2.491884602206846	1.742333557686824E-4	4.259984248623041E-6	0.0012724572950637023	4.515583303540424E-5
116-117	2.6613821334863337	1.755113510432693E-4	4.259984248623041E-6	0.0012941832147316799	4.515583303540424E-5
118-119	2.8383955549756674	1.8062333214161693E-4	5.11198109834765E-6	0.0013137791422753457	4.515583303540424E-5
120-121	3.0242906176249553	1.8403131954051539E-4	5.11198109834765E-6	0.0013338010682438742	4.5581831460266546E-5
122-123	3.2176781405707215	1.865873100896892E-4	5.11198109834765E-6	0.001350415006813504	4.643382830999115E-5
124-125	3.4201969397534113	1.887173022140007E-4	5.11198109834765E-6	0.0013781049044295536	4.685982673485345E-5
126-127	3.631514736401632	1.9084729433831225E-4	5.11198109834765E-6	0.0014053688036207413	4.685982673485345E-5
128-129	3.85164175447758	1.9425528173721066E-4	5.537979523209954E-6	0.001427520721713581	4.728582515971575E-5
130-131	4.082341201461761	1.9894126441069603E-4	6.815974797796865E-6	0.001447116649257247	4.984181570888958E-5
132-133	4.321322483823689	2.0064525811014524E-4	7.667971647521474E-6	0.001466712576800913	5.069381255861418E-5
134-135	4.570379906928887	2.0405324550904364E-4	8.519968497246083E-6	0.0014833265153705428	5.111981098347649E-5
136-137	4.829355851360152	2.0703523448307982E-4	8.519968497246083E-6	0.0015016444476396219	5.111981098347649E-5
138	5.028899477543604	2.0873922818252902E-4	8.519968497246083E-6	0.001515702395660078	5.19718078332011E-5
>>END_MODULE
>>Kmer Content	fail
#Sequence	Count	PValue	Obs/Exp Max	Max Obs/Exp Position
GGTTCGA	13415	0.0	5.432444	1
>>END_MODULE
